<수취조회 요구>
0600000020032901000052003290120032901 302004100   20111025104136070350120000009200                                                                                                                                                                                                      000000              0000000001000 00000000000000000000000000000000200010710240601012  수취                0000002000                        하이캐피탈          00000000000               00000                                                                                                                                 

<수취조회 응답>
0600000920032901000062003290120032901 3021041000002011102517162007035012000000920620032901                                                                                                                                     0 0              정상처리                                0000000000          0000000001000 00000000000000000000000000000000200010710240601012                      0000002000                        하이캐피탈          00000000000               00000                                                                                                                                 


<지급이체 요구>
0600000020032902000052003290220032902 302001100   20111025104136073512120000009200                                                                                                                                                                                                      000000              0000000001000 0000000000000000000000000000000020001102034762      지급                00000020005013006283              하이캐피탈          0000000000              00               00000                                                           00000                                                  

<지급이체 응답>
0600000920032902000062003290220032902 3021011000002011102510413607351212000000920620032901                                                                                                                                     0 0              정상처리                                0000000020          0000000001000 0000000000000000000000000000000020001102034762      지급                00000020005013006283              하이캐피탈          000000000000000000000000000000000000000000000000000000000000000000000000000000000000000000               00000                                                  
